57976867762
58157132735
49279697563
50531074712
57992472886
58338330117
58358584526
57123295716
51931789083
57796398244
56515617887
57784015486
55603403638
58338634118
58166249111
57777495847
57966869437
48452010587
58153948954
58177297438
57811468184
58325771157
57998489035
49685407019
57779671590
58122655318
58190368772
55610698185
58324283330
51172903195
58343865782
58159404263
57810316490
8501158385
57987034557
57994785943
12892173511
57750027391
57680583303
57772132730
57974363978
58320387686
50168516780
54310747993
57730748279
56191443421
58332858568
58358960530
58145549793
58136502695
57780279634
55682804352
58189504897
8101943563
56823725317
56704402726
58137366375
57805165611
58123679917
58323091362
58171696575
58156348739
58164739683
58143413325
58348361266
58162180088
57811356425
58006928533
58345161620
58141950002
57804589622
50330937312
57970221111
58155244896
58327770950
58179073779
55282752081
57995145834
56531264587
58153284955
57696530596
58157300758
58134769866
58159804095
58090281530
56138102858
57971293068
57799853990
56777037170
51754896430
58347448993
58003673094
58142006026
58165275013
58354408453
58184200729
56382041542
58100617849
55177107292
58352033046
56717318289
58183745222
57817100107
57785023488
58180417746
58140478079
58335418393
58189440807
57669380843
57801293702
57804981637
57776575856
58336354251
57998961823
58358360542
56540018037
58326603122
57792862609
55923489080
55582026362
58140478120
57783183410
48659525057
58340065987
57570911809
18491501918
55847263717
57922290103
52686582593
39174298123
57783118112
58124055670
58118735925
57799469671
58353664914
57984570513
57342319168
57505743738
52739731936
52696190881
46374256294
57963429745
57890502070
58131055474
57886088595
57793410817
57202515411
58174066329
58000897241
49662442328
3462523812
58342457724
57967997593
58123711974
57797886223
53253305691
58125263894
57652064111
57792934498
57967173407
57798260373
58190592729
58134558926
58161131871
58191264695
58364784097
58155412850
57972757039
58332074632
57985610711
56769107493
56904209028
58143997768
58184857150
58006512758
58342593838
57812052323
58336058273
57996281605
55655100072
58008936486
58352025040
58092485114
57992713793
13685266292
58170115023
58345121066
58324075252
58143413801
58190960678
57799541037
57970533027
58007904781
58107404752
56905759876
58342569812
57977883578
58330546753
58180305783
58350689181
57957022026
56501597671
58322738244
57971281232
56072836542
57988570563
57703807779
57997449321
47826060973
58351489060
57973916004
55471405999
40651708983
50160882893
39255614076
57981763247
58151684441
55945862885
57769742220
57480259076
58359336441
57780559509
56758848827
58327923021
58175730429
57806837398
57969077280
15730833188
58336354252
58131975436
57973299901
57738159702
53599809243
48914708928
57956631884
58014744094
58160931341
57887051840
58129519568
58152076827
57772095823
57747403047
54829706576
58112575321
57799942062
57989914283
57816852092
51330768575
57979595592
57921350995
57799334075
58160260175
57774495562
57496759922
58181377714
57786023026
58176801759
50287546022
57781670808
57993170056
57711125697
51261576773
58334130524
57773327714
56692578656
54799472795
58131623420
58178569863
55110611573
58142190032
58146077676
57996305664
57979283296
58332746597
58159292391
52836545150
58333802538
57954182694
50702939891
58167490676
58172482686
49500420856
58160721805
57958622490
58362024344
58128095677
58354376452
46989168444
57979115458
57803733624
57967877333
57784646917
55262807092
55059017853
52698582559
58175017844
56650993847
57988858466
57996953732
58349633171
58172386877
57981011260
58132837113
53427364626
58342393780
57659364159
54810973984
58137585719
57609046419
57958342847
58138108595
58161706866
58142069990
57608659166
57780343721
57811628692
58142477906
57819547920
54026061882
58171810888
58336578263
53355063089
58179129883
58186905007
55986368117
57983906821
54210739671
57796822270
58343497779
57642819959
58132463295
3166843334
58343473723
57409239363
58183961217
58000009381
57814596234
55205608796
54591729199
57813540109
46812621258
58358248288
58001041340
58160547852
57997217409
57940143093
58193616495
54770941994
57979587229
57876913530
58133302925
58337442231
57774615475
57231096018
58167307102
58356992620
58183257267
57183886432
55081491415
40968328703
58083955457
57554311391
58183728840
58324483165
58354432759
58338889844
57210395289
58155932836
58342513886
58015776036
57341676540
58333082405
57390476727
57817250244
58170866778
58194544446
50358108001
57958815390
58197736157
57819531920
46871097149
58194168407
57951358844
58156732589
58008792511
58326315133
58009704620
58192416644
57974307912
58340329965
57617278165
50534974429
56962615820
46979368006
58131751241
58194944168
58178305931
57799038130
57439316980
58358272467
57689247431
56580885696
43324839159
58138998239
57978651747
57978611443
33221862488
34343256747
57899514722
57528308794
58327403006
57429888075
58132542424
57361963193
57981578945
46433936364
56715082615
56177004913
58130407450
57999465533
57780549328
57900341472
46167683350
58119879990
57792946543
57178203382
57971029180
51876613171
57782703467
58148813390
58340001885
58150125363
58123247602
58173362167
57337450728
58341569939
58340865900
58152117039
45281141194
44711915166
57800029867
57721126112
57983082972
57884608296
58150443990
58170242866
58356456606
58136117958
54138178967
57487562375
54601374039
57816868132
57305271412
51488082088
58133319238
58009320517
45632202854
58338442178
57761257082
57982178946
57977657794
57765760671
58177616961
55653681698
53580001707
58113991960
58002777101
58139829905
58350745145
58015016049
52363501470
57976043760
58332674571
58338305693
34939733050
57894154179
57780703623
58186241126
57978595497
57810140271
57821235619
58157372792
58330954753
57821139552
52474210429
57977419439
52301799845
57995665802
57794382260
57975483903
48793796562
55644178224
51576998824
57082317443
58143869803
57936008065
57980147288
58193480390
57986322547
57805173602
58339649967
57984282784
58179601834
57763247961
58333129501
57985698628
58010064661
50722517494
49682940077
58179457763
58183297329
56293566912
55563146686
52847349814
57428442216
58154572360
58159859804
58355624628
58150650852
58139086102
57943064082
58341905834
57790470793
57967725267
58011144322
57785599239
58012328386
58178473904
57056352591
58143829791
58155316880
53183774530
58130079465
58154236984
57981259279
58145106240
58010240418
58153860697
57960342433
55547379621
57820635510
57967581369
58189168889
56770657021
57784375347
57791515714
58142453996
57999745287
57812796725
54675709835
55750860065
58185889162
58327042999
57978955572
57966421539
57994953878
58125815989
58001513312
54276122394
57996656821
57818912391
57784118315
57339591453
58183417319
58126671790
57462868404
57994065695
57454095283
57629786045
55381920020
58335306428
57972405066
57795774320
58151397213
57782663534
47708856158
57954637229
56346235592
58325131205
57776143929
58164331897
58013888232
58337536055
58182001261
57988834497
57794670579
57517488165
57963125316
57801381842
57048281489
57998345641
58166595344
57757791268
48574094376
53953582043
44769862260
58134382777
57977523759
58180857487
58179425763
53567002510
58164891643
57993146116
57092985177
57784991167
57818323510
58005824311
57905379856
58153140951
57677928346
57810612891
57729345928
58150925181
58346232458
58009832584
57785719080
57803885180
58004472681
57814404084
58335050440
57434793280
57956303986
57992994061
58345121158
57974075973
57972076018
58121343857
58341657917
57045246592
58327434756
57958790839
57984722492
57565480759
55485722148
58153316898
58168347197
57973802829
57451793773
57932357131
58171642795
46132049538
57980611291
58161890783
57543281998
57818603300
58130431458
58187480972
58193048321
58093303692
58140150154
57525116733
58124791779
57976827584
57791206773
57760474636
57987770661
57984450396
57785918615
57789270757
57784599227
58339106087
57797677708
12032000282
58321675522
57822355632
57307560861
43871447928
57705774788
37239845774
58346145456
58162195924
58010976483
55985069656
57968949252
58359536469
58326354184
51175035177
57951462845
57806917401
58188208624
57971797080
55994540356
58339234066
58126983845
58337714105
58167947167
58000225283
52145384345
55638315997
58181993505
57852465292
58184801319
57967579954
58003049105
57810380524
56780304220
54836319477
58345433511
58171482956
57960046443
57799029361
57803964790
58339906033
56343664777
57800210522
58125823393
46926663150
57963213994
55300285635
57935256067
58191304543
57956887796
57823563406
58326787049
57806469426
58155316846
58357096571
57982139081
57985338724
58320363513
57793291191
58340089982
57974091312
57999489096
57782207418
58014944191
57817803838
58321331593
57977914508
57973043849
58347617377
58177457810
57996681669
57641806760
57996464203
57426438789
48929404263
58171258845
57798685734
58352504962
58182217484
57784863289
57667701361
56524182435
55486580253
57818915948
53592789000
50113950881
57980283336
58328194987
57959222643
58135342892
57544816697
57788222536
52080600981
57968381082
57792870478
58148213455
57770519865
52903873848
57286149759
57416857093
57802352783
57969085196
57998329618
58325162752
57505617163
56985422489
57964805784
57999369356
57791406233
58325355167
58172258272
58342241809
55770713332
57799205952
55959835128
58084310837
57266429227
55259527993
58338098153
57011919031
52920566447
58147229444
58186625145
58002528858
58157244493
57796150387
58333970505
58187721003
58328601674
57995153824
58353416934
57750859844
50962980709
58324187165
58011632231
57966725203
57988762441
54901156582
58321819058
57963949955
57780143542
58327211030
57818163790
58331258793
53202528766
57895381678
58000865375
58320331128
57696292044
57823234943
56325071052
58002416978
58336954234
49259744666
55938328277
57795734468
57552327514
57969595903
58128135740
58150485172
58136150419
52565432348
58157228687
57819683789
57527427088
57950974995
58116761615
58185497076
55100502557
57998185773
57750957137
58140854062
56433957568
57962437978
52354098425
58337114262
57823936577
58347737319
57981515227
58141917893
56731651350
57421729491
57999665523
56688855202
10916505856
57811908273
56699468488
58153844847
58353304985
58143317809
57816164015
58137558354
57999648461
58120431301
57984034896
57815067944
57975243997
58166107479
57960054445
58358856494
58119871953
48513806693
44533529719
57995345143
58134718778
58155172880
57917214241
57988282278
58000289441
58111279760
56074212738
58174602490
58185273228
58171243015
57780887510
57952077197
49753847148
18726014725
58320339562
58185625033
53094578245
58163339674
57985082758
58130735504
57791774700
58009112510
57779055682
57284116442
58155809137
57821571804
52281026246
58356832643
57682631740
51716208123
41786139016
58160060165
57792438627
57957151694
58320539605
57960573339
58361728159
57812524479
57509655590
56666622592
57804736310
57965405542
57975435932
57998912362
57778335753
58124375948
58189840862
58162042188
58182737386
58091397898
58194568439
58132678372
58188576817
57990050253
58126367809
57987258543
58131007430
56467274895
58012112370
57796765901
58360384391
57049960843
58128823667
58175594433
58159032817
57798726118
57995513721
58320235683
57817467823
54907214376
57842931960
58334834289
58138422073
57977459757
57782910988
58339210014
58161995983
49782691010
57989850402
57727196238
50787700258
57955573182
57785927280
58323211360
58358200576
58140845761
57803949975
58127311659
58156298977
57795750253
58187249004
58007296263
57993481975
57820235752
56967749437
58127606078
58138710227
57571138422
58178473219
58193680352
58004376866
57977987333
49969676987
57975492026
57804917716
58336458255
57799253893
57808709146
48565781128
58342185829
56515921992
58001448519
50716522910
56918846743
54936808050
57781767497
58147461488
57815164033
57880018796
58149133439
52579493186
57778271568
58128903667
52661463785
6868143904
57986010871
58322491060
57944296570
57621464380
55100146374
57804541553
58160468093
57982082946
57328558673
57342886327
57984170886
57976282914
58335338027
57798005512
53737088971
58153061144
57958646386
57863540000
58328681145
51750856827
57779421138
57957277306
58128173156
58135821163
57956641301
57822536744
55513428404
53729820563
58333393520
58348360762
58122967146
56651550851
58321642542
58344209069
55626991519
58121767741
53558576772
58001016742
54171227851
57961690934
57815210425
57778486901
58152540292
57572972716
57997056475
57802692946
57779070916
58111444526
58322378918
57966250719
56008648780
57788502573
58152188124
57858356188
58324066736
57802789057
57997888833
58137677770
57506209462
57795685757
57810571466
57766657039
57979865179
56612147097
57962843784
57995121226
49569908938
57957290770
58005352064
57770951841
58129077139
57699965336
58125135400
58123933837
54459667584
58345776635
58176936827
57981514310
58160842120
57980498396
58119548756
57737966182
56498995130
57994657222
57790058746
57792578369
57997536295
48197242880
57979666049
58175513577
57773623040
57814611043
57252527495
57795708237
58169872532
51215090203
58323570711
58135245007
57816099572
57074961206
57777663307
58144300036
57782134488
58342233173
57959093690
57958685741
57958421534
57984937326
57955604845
58166625913
53084534649
56966632472
58171201892
57797346310
57817048082
58145469174
57965186435
57936415696
58111725228
58321130219
57823777941
58125359345
57804635418
58181369043
57789113830
58142821267
49718069641
58174032892
57983682408
58087863854
58129184462
58007464030
57812155540
57995881118
57993809143
54191103143
57417946016
57956546567
58346240507
57955979285
57974131307
57990713775
57777822010
57744239586
57807506929
58167954380
57978049881
57770487556
57732525747
57875005934
58178976615
50136549146
57724107627
58135741489
57947517185
58136805022
57805473729
57336217434
58347344788
57944861334
53593249927
58348880710
57978136577
58349496003
57257093604
57196366300
47785475195
57947690242
58104877810
57977057965
57978362660
57774686514
58320977863
57982033955
57740726159
50425738438
41283242385
58162386127
58341936953
57967122077
52397310986
58159210784
23846655862
57332701822
58162434794
58185752328
58143101191
56847174116
57945782380
57975986472
57709271366
57980834174
57633237086
56849954469
58155881939
46488128322
57783638298
58100253019
57905307219
57965563683
57767230862
57933883642
58321410360
57807923414
58147035803
47347846430
57968274778
57766949380
58147379923
57773799153
57771807257
58098069187
57873012029
58354096037
57770495371
57973089228
57953245444
57781251137
57956882078
57955816298
58087104734
57804491990
58349392330
51326196070
57044454742
57809163836
58119430170
57700997501
58321946051
57952837961
57820888224
57767615739
58129414207
58119279540
32932256865
57297312016
58096246345
57967584462
58347072435
58162362775
58118847508
58172217530
57740469966
51648087534
56383777073
58116806155
58154970884
57810499856
58353752131
58323202597
57808099515
58129393515
57998264354
56523103759
57769965246
58174129328
57768783819
57948893587
57793469604
58343176916
58333409762
57787820070
58126918370
57963906778
57969787118
50508882348
58105503996
58117055834
58320506833
52442407794
52170606565
58140101255
42480924897
58133234721
57785165835
58002912279
57787760415
54866949855
57855330381
57759711955
58130285985
57771439299
58321754132
58163122678
57965068066
54456772583
57796282372
58185984143
57794261771
45956473925
58325250435
56565792763
57290738461
57987809617
55019652593
58134252800
57813251293
58141045020
58350504425
57562367373
51611173911
58332648330
58183392455
57802208937
56181505028
57793292062
57330070456
57508375773
57329228869
58131053577
57816403240
58341496958
58129429094
57796373436
58112812526
58155337416
57993448412
57578015742
57977018425
27128979987
57780301956
57819882585
58125622932
57953821543
58162450755
58126614434
57566650388
57770988193
57781387720
58120628246
58138437082
55067187495
56807847269
52055614179
58183016469
58159267054
57602556314
57992776869
58005360025
57782686679
57583532935
58323402538
57807859994
57943657043
57793529626
58157274446
56313257001
58132917798
58159539029
58114285893
57103376587
58090917378
58144036858
57759004392
57804283824
57034544312
58116110921
58169449676
57392673909
57785710486
52567122938
57793805457
58005760112
57927053584
57988153495
57733742506
57963418735
56411303482
57818443094
58086057387
58153547583
58164232971
57547846292
58136116936
57794243338
57747692135
45183801414
58140076047
56287748584
57762399789
58174288328
57805075146
57816993770
58167977774
57509206147
57968753850
57981408590
57797284308
57486928695
57749854873
57772199232
57061212328
57781990260
58117013838
58345392275
56059697968
58120759140
57945205208
57800340238
57488769910
57770921926
57967315497
57774119098
57795172525
57939417194
57815745706
57779176143
57950747331
58118738261
57775391084
58158682858
54565816583
58156059427
55981230759
57916901546
57982400230
58110740123
7215065013
49730828227
58125309860
57934916028
57768461983
58147331003
57074726621
57730512684
48615508567
57741823127
57984681867
57964019009
58156123123
57986496243
57787382061
57952214294
57748095107
58178480719
51277793682
58328777871
57988601493
57967107470
57217140956
58001720369
57931566128
58142644909
57804713330
44502998396
57965043881
40562761390
57821105643
57948393972
58133197754
58122471383
57775901438
54135469733
57956301360
57797493069
56837614247
51557652175
57665523495
48494748566
52460728419
58093247313
58138162633
58161624977
11772888068
56324844274
57964746151
57032763426
56847557221
58336568126
57758631202
48305759308
57977048396
58326081046
56807717848
58126597028
55292864088
57709788353
52465263535
52680175438
57800105877
57930838946
57568847518
58133403879
57787075783
57537760163
58116884949
56673139065
57640268381
49751238115
58114109925
57819568480
57790946404
58133268375
53263182656
58107823067
58094070537
58118205784
57198447114
57794627729
54832246529
58155001564
57787348329
57887688279
58125165214
5629498879
57771723974
57944445028
53242552721
57792483812
57798099321
57955467126
45650203015
56688345573
57974672502
57572206994
54722322777
54305078961
55979883189
58149408187
48919986894
52125949892
58110957624
57764324842
58106749785
51001221734
57157645346
14548095280
58337552077
58086159828
57946611921
56525387190
57973353115
58125445053
57809481822
58157625328
57956538873
57488271500
56806249275
57968633756
57797163303
58140961521
58144794915
57816849084
58127820246
57982144634
58132972035
58139635335
57807586030
2357276937
51782915533
56127495918
58091749315
50705254169
52007777730
57173510934
57786771783
57754021734
57757655007
58326424850
57982176250
58161872978
58128252920
56291388264
57605460217
57816976586
57988072050
58114406025
57770726028
8446233866
48260408152
44412060531
57571588954
18503849204
55880073288
49284034156
3073416749
57678137334
56352955575
49719058990
57715665280
56608492590
51157468210
39225652840
8590774421
29893187381
55417110594
44432115204
47972428675
4187699020
52780605516
40083275060
52225393740
54560488523
54345394962
50744335912
5412870552
48155336413
56904659234
9955333140
57247109965
786899963
55857348047
50768647382
56672866745
56739257036
48575816786
39149994450
3250025557
56964774422
6911711274
55519094644
50302510084
6039713909
56727623995
57149528523
56775241909
52577036459
52598644832
55940935981
56223490633
52638743561
13791604112
5317563440
8533886027
56205717189
5315851031
1922667626
8958830143
47855008309
55325557175
48452453883
55126003060
53710825026
54019791106
4339840746
8167861258
54855343496
3620905193
46434352040
53172389948
54445752997
49417259287
9535919740
4576082913
54563724169
54768584586
8339613691
9397509326
9617065200
51120675667
54264839643
52634294710
54261758663
52646282496
54076815712
53318369635
53923070247
50682270919
51803735182
54273582947
54485818046
53922782782
51481167349
48428370062
54271550996
53731086285
44447587067
54089925850
53927494794
53578302470
54244439024
54313618061
54262303992
52368039048
51783844481
49727544260
54121899295
54280925144
52984190673
54294780480
54272479180
54146848112
54109708171
53738740653
54276502819
53688715844
53221947993
53736701106
54050595724
54280046327
45952441208
49859336539
53254735528
54268415248
54110067641
50492454717
53933765049
54493712867
54282973295
49318376620
53668622073
54296483934
51867905667
54292732571
52669254509
54100996682
54261231034
53914159966
54289716821
54112571851
54092542047
50113743907
54490152869
53944180279
53925060541
54254340649
54093485799
53957737050
53721786176
54127650360
53913015938
53737246230
49545611795
54487281847
54498856243
53742845626
54303275069
53399790634
54283253693
54292428778
54263863827
49494453179
53722174993
54492745033
53608037785
50716461580
54148648570
50996391836
53743637733
54279102598
52656805223
53943452398
54496632641
54103108127
54138225240
51735433771
52739867590
53945700074
50471438824
53921597519
54308266340
53966096164
46778131423
53052246681
48863961346
53736110069
54115115744
53023855776
53709213471
54062339193
49035559199
47187110871
54120297695
52712630155
51658169591
4219363679
44036505038
53172990747
8163037664
46533995378
52914572791
52733708673
6076929018
40724437935
4971694790
34011552667
52130228229
1419508762
7775389037
8958821371
51858254723
5601113550
5764407098
2946222870
49556536388
47313576350
49394642908
25807875340
44519965380
45454523306
31967310778
2235480199
3644526913
44841869899
49686474077
25074204760
15370863052
48756649143
44554071688
29914468350
46868332040
10600708229
49267000099
12798475063
1964559424
45217947762
48142354769
48726421875
48617953316
45961976366
24319379205
47941810202
46561658033
45130057525
45938919424
46039138250
45879937294
29927840381
46345255310
46195626654
45292999532
45484885711
46164967626
46377331322
46354246544
46231312150
46563393852
46379146520
46221577276
46119868327
26298004308
46565769454
46353574423
46038753753
45629783798
46220433270
46169967265
46029915403
46365292655
46323431016
46016948746
46173006877
46012797086
46390121140
46353630430
45558330544
45979719127
45778212274
46341652851
45639389631
36780062343
46381298459
46230648070
46160726674
8283894670
46037746108
46381074179
9160697061
46227192566
46041330181
46578096469
46222120944
45978154702
45915973957
46397488559
46395248664
37241288250
46399696437
46198244147
45552995891
46171774790
46358117748
46019284399
45811077571
45488062742
46018796574
45953684675
45781757336
46089617855
22219498737
46057568315
46017052751
46375491636
45422212420
45965766830
46057032537
46396856529
46169422263
46362532401
46390409129
46387488878
43830900537
46046849199
46003390471
45614030549
46580416074
248524413
39494902674
45682926025
46358422170
46053144657
46391225187
45000437693
8136934069
46171422716
46564537753
46350182962
43869623996
46188013441
46089544154
45425139147
45664154693
12581151113
46011773357
46374731562
46028251104
45992841878
46348167250
46002622436
45391850143
46347895261
45696375796
46362730132
6675916851
46169183352
45413628570
44260747561
46007850320
45990879545
46350334443
46020188470
46394872646
46368476324
46390673143
46366436532
45628615868
46345071425
45433388786
46217529407
45464924163
46038546111
42282455946
45480822072
45717225649
46389360944
8159644966
46577232256
46197884079
45014873309
46174452484
46004069900
11553329045
46170526790
46362820839
44310065553
46009237373
46336679859
45234690887
46368356275
45276770491
46200251614
46045793753
34023319049
45524757728
46181468948
46204323168
46356173840
45259084082
45683642948
46179221535
46578080277
45292262534
46325599369
46167070683
46148518316
46363228686
45933247344
46179909775
46185101586
45485055811
46369651798
46181061580
46202194915
45256041859
46036186225
45323178675
45573432468
46005597322
46379872454
45602924268
46036410097
46562601634
46055320386
45634929580
45856310490
46185253237
45996502858
46208482091
46181493609
34849886523
45971331433
46004397833
46561089779
46180941509
45946259316
45996838839
46025179590
46007677496
45676884620
45337796172
32421495233
46210921866
45577560533
46344636151
45041861977
45778405297
45991072608
46167214959
46001030017
42550148375
58090812144
57791706796
37765467403
51292749303
58124209413
57956641301
58144450030
57733507565
57010551839
57367409483
50515738901
58108919474
55282830170
58149648166
57980760540
57933059190
46206332182
57981864181
58118547885
57555618885
57925613363
58125043825
58100661452
57767510794
57165406016
57776478050
47644233943
57949061169
57808051097
58155441767
57813234222
57769381617
57814841665
58131603435
53549283477
57991072341
58115334646
57923555854
56803189714
58093781523
56606915335
57556820977
57553385590
57763271327
57816809517
57943107913
58096839313
57960065615
58118598168
57770939608
57977712680
58132187584
57682765469
57706191431
57779718001
57864759537
57818241415
57972353847
57784036300
58167328810
56118298886
57687329654
58087591763
51618525268
58327689312
57333280583
58114950527
58136875296
55308831990
57780613802
58155776190
57799611856
57753803807
57809640067
57387436459
57571988253
48248320583
57800176671
57796907822
57777421409
58122501872
58320289922
57557695572
48169442270
57816113826
57697547746
57764343204
57976065720
51264891291
57808208426
57758855165
48733423876
57946056473
57787957494
58110407436
57777708195
57973457809
57861817635
58158777859
57955211790
58150626889
58127029331
58095167944
57707361692
57811913759
57783613528
47708725860
58137500694
57935634997
52501694115
58154386129
57703008796
57981857278
57934743986
58154370283
56315387366
57769174839
58157513989
55627892149
44797613058
58156042295
51461327422
57797987895
57927842525
57896250427
58103063426
57740751202
57986592777
57940364744
58328241200
58112441777
58126717553
58167041080
57411111967
52194960974
57762797433
58105412145
57782650377
57247621143
58085206421
57936714219
57911624554
57425880787
57745086810
57957017224
57934192442
57910373772
58143656564
57910318442
57948458011
57576204458
53427411632
57970352453
58135713817
57877874285
57926827447
58122042991
57741711322
57904495440
57954280188
54368199346
57720071908
57758653077
8640880257
57971904050
57512791973
57756324735
57781851190
57944570462
54351779114
57924971585
56552718525
56241079319
58104189019
57926493286
56591248673
58100557416
57918757346
58138584172
57775795602
56671836560
57741990721
58097766137
57962736869
56977599620
58127521688
57919909959
57938394115
57297405581
50686543227
57929485118
57750256595
57961672890
58123859589
57798433090
57734911989
57928963973
57921213491
57581334091
58149656481
58099238038
57556404723
58127402737
57719549464
55617740729
58114404358
57910055794
58113684963
57762941371
57746766199
57933819046
54530893582
57775699996
57745055126
57796584973
49268932587
57921133569
57570764547
57578511138
57790162230
57756142046
45539704757
57766539147
53418388435
58108220881
57916022635
57946298362
57804016409
57757717933
57962104282
58110396906
58125801775
57934987682
58140145470
57623414719
57936579332
57936058852
57929372594
58148920082
57567143184
58115932366
57925189188
57878825244
57960913228
57928913372
57972944072
58121410956
57571855788
57905203092
57924971375
57961144873
57957208593
57717775190
57567711583
57765301076
57927189364
57856277400
57734543563
56863036680
58095077685
58106780991
57787690446
57574820335
51669392624
57239245598
57343996819
57774508026
57761629577
57893339416
58135961983
57551071336
57775962586
57960593337
57203974105
57753435340
57512219085
58125963435
58126843006
57791866371
58129865634
57583972636
56141673043
56798721870
58114348189
57907791436
57945642712
57738303370
51845324747
57801609245
57875719694
58110290286
57767947762
57755942297
57908477199
53117343683
58128746290
57952432797
57755326155
52155313240
57863021171
58094573947
57932459991
58130954689
54696181175
58135473200
57925981485
57919614547
57908739271
57793002192
57133026890
56184759955
57960760745
58111251747
58091382693
58146712850
57780627616
57875491472
57761236437
57799960980
44061512714
57744646437
58116947544
57801464369
57712769589
57927933235
57125533674
55693681761
51319999539
56830225096
57756886279
57914273303
58124873768
58107379853
58084375778
58129705583
58129777813
58117907841
57568711181
58083767075
57874730480
57249883983
56802030684
57741222546
57935745787
58115866927
45752050841
58154016034
53594851609
58083871147
57723174857
58138049637
57958809193
57966800491
58117812124
57915125625
53162988391
57295590188
23552458878
50178373175
6174083554
54530731459
52205954708
57305952733
54647911724
